0.010 400 0.25 0.6620 0.5284
0.010 1600 0.75 0.6600 0.5298
0.001 800 0.25 0.6918 0.5507
0.010 800 0.75 0.6800 0.5430
0.005 800 0.50 0.7160 0.5786
0.001 400 0.25 0.6998 0.5625
0.010 400 0.50 0.6332 0.5065
0.005 400 0.25 0.7178 0.5791
0.001 1600 0.75 0.6674 0.5285
0.010 1600 0.25 0.6865 0.5534
0.005 800 0.25 0.7188 0.5795
0.005 1600 0.25 0.6706 0.5313
0.005 1600 0.75 0.6235 0.5016
0.001 400 0.75 0.7207 0.5788
0.005 1600 0.50 0.6980 0.5585
0.001 800 0.50 0.6800 0.5412
0.005 400 0.75 0.6765 0.5457
0.001 800 0.75 0.6594 0.5278
0.001 400 0.50 0.7094 0.5728
0.010 1600 0.50 0.6719 0.5400
0.001 1600 0.25 0.5950 0.4756
0.010 800 0.25 0.6563 0.5257
0.005 400 0.50 0.7270 0.5874
0.010 400 0.75 0.6498 0.5200
0.005 800 0.75 0.7183 0.5838
0.001 1600 0.50 0.5961 0.4773
0.010 800 0.50 0.6410 0.5182
